³. mapn'nocms

Karsten Diels Stein Diels

v. 440-445 fr. 126 v. 468-466 fr. 127

446 25 440 , 140
447. 448 24 441 141

450 62 442-446 143
451 55 444 144
452 10 445-446 145
456 148-150 447-446 146

454 cf. 7 450-451 147

455 156

450 11

457

458

62 n
152

4. TIMONIS

Wgchs? Diels Wachsm. Diels Wachsm. Diels
ΛΛΟ <

fr. 1 fr. 1 fr. 20 fr. 66 fr. 68 fr. 46
46 21 66 2
57 22 40 00
44 23 41 26
45 24 42 65
23 25 46 66
60 26 44 6
68 262 45 56
58 27 fals. 1)- 202 46 4
47 28 29 24
18 29 43 5
67 60 16 · 42
56 61 15 25
21 32 9 62
22 66 10 16
31 34 11 26
62 35 8 27
33 66 66 · 51
64 67 64 7

 

