3. EMPEDOGLIS

Karsten Diels Stein Diels Karsten Diels

v.1-3 fr. 115, 1-3 v. 1 fr. 1 v. 191 1341
4-6 115, 5-1 2-16 2 192 43
7. 8 115, 16. 14 11-23 4 199 85

33 13 331 13 1333 41
33 13 333 3 3 3
3 3 333 3 33 3
33 13 331 3 333 3
133 3333 331 3 31 3
333 3 133 3 33 3
331 3 333 13 13 33
333 3 333 3 33 3
31 13 333 3 33 3
3313ἰ 1 33 3 3 3
133 1 33 =MMMM 2M 3
3 1 333 M 133 M
331 3 3 M 333 3
3 3 333 3 333 3
33 333 3 333 3
33 3 3331333 333 31
3 3 33 333 3
3 333 333 13 333 33
3 zm 333 3 3 M
3-3 33 13 133 3331 M
33 13 333 3 333 M
13 3 333 33 333 3
3 33 13 3 333 3
33 133 33 31 3
333 3 3 3 3 3
333 3 333 3 33 3
333 M 3 3 3 3
333 3 13 M 3 3

 

 

3 -333 3 11 333 3
333 1⁷ 1M 3 3 3
333 Ἠ 3 3 31 3
333 w 3 3 1133 3
333 Ἡ 3 3 31 3
333 w 3 M 333 3
333 M 333 3 3 3
333 3 3 M 33 3
13 M 3 M 133 3

187 41 162 52 270. 211 37
188 44 163 M 272273 91
189 46 164 56 274 93
1 190 45 165 55 215-299 169

 

